50 60 1.2217304763960306
-34.20201433256688 74.63094387990219 2 20.214464773667654
50 70 1.0471975511965976
-50.000000000000014 110.00000000000001 2 30
60 50 1.2217304763960306
-34.20201433256688 74.63094387990219 2 20.214464773667654
60 70 0.8726646259971648
-89.99026535611551 53.835377391303616 2 -18.07744398240595
-77.13451316238472 105.59229669250547 2 14.228891765060375
70 50 1.0471975511965976
-50.000000000000014 110.00000000000001 2 30
70 60 0.8726646259971648
-77.13451316238472 105.59229669250547 2 14.228891765060375
-89.99026535611551 53.835377391303616 2 -18.07744398240595

[50.0, 60.0, 20.214464773667654, 70.0]
shortest perimeter = 130.21446477366766
